0.000000000000000000e+00 -4.822139441967010498e-01
1.000000000000000000e+00 -4.880674779415130615e-01
2.000000000000000000e+00 -4.976438879966735840e-01
3.000000000000000000e+00 -5.016622543334960938e-01
4.000000000000000000e+00 -5.066328048706054688e-01
5.000000000000000000e+00 -5.110510587692260742e-01
6.000000000000000000e+00 -5.153121948242187500e-01
7.000000000000000000e+00 -5.201172828674316406e-01
8.000000000000000000e+00 -5.290793180465698242e-01
9.000000000000000000e+00 -5.335755944252014160e-01
1.000000000000000000e+01 -5.344767570495605469e-01
1.100000000000000000e+01 -5.376383066177368164e-01
1.200000000000000000e+01 -5.447632074356079102e-01
1.300000000000000000e+01 -5.456837415695190430e-01
1.400000000000000000e+01 -5.505720376968383789e-01
1.500000000000000000e+01 -5.571711063385009766e-01
1.600000000000000000e+01 -5.612993240356445312e-01
1.700000000000000000e+01 -5.642721056938171387e-01
1.800000000000000000e+01 -5.678148269653320312e-01
1.900000000000000000e+01 -5.733753442764282227e-01
2.000000000000000000e+01 -5.786520242691040039e-01
2.100000000000000000e+01 -5.839745998382568359e-01
2.200000000000000000e+01 -5.880650281906127930e-01
2.300000000000000000e+01 -5.915961265563964844e-01
2.400000000000000000e+01 -5.960868597030639648e-01
2.500000000000000000e+01 -6.000195145606994629e-01
2.600000000000000000e+01 -6.042447090148925781e-01
2.700000000000000000e+01 -6.079246997833251953e-01
2.800000000000000000e+01 -6.122304797172546387e-01
2.900000000000000000e+01 -6.166039705276489258e-01
3.000000000000000000e+01 -6.207919120788574219e-01
3.100000000000000000e+01 -6.612657904624938965e-01
3.200000000000000000e+01 -5.340481400489807129e-01
3.300000000000000000e+01 -4.951063394546508789e-01
3.400000000000000000e+01 -4.992848932743072510e-01
3.500000000000000000e+01 -5.017557740211486816e-01
3.600000000000000000e+01 -5.058016777038574219e-01
3.700000000000000000e+01 -5.102584362030029297e-01
3.800000000000000000e+01 -5.124178528785705566e-01
3.900000000000000000e+01 -5.136846303939819336e-01
4.000000000000000000e+01 -5.154488086700439453e-01
4.100000000000000000e+01 -5.152516961097717285e-01
4.200000000000000000e+01 -5.162640213966369629e-01
4.300000000000000000e+01 -5.188318490982055664e-01
4.400000000000000000e+01 -5.208346247673034668e-01
4.500000000000000000e+01 -5.214205384254455566e-01
4.600000000000000000e+01 -5.257887840270996094e-01
4.700000000000000000e+01 -5.265799760818481445e-01
4.800000000000000000e+01 -5.286526083946228027e-01
4.900000000000000000e+01 -5.283849239349365234e-01
5.000000000000000000e+01 -5.296483039855957031e-01
5.100000000000000000e+01 -5.289684534072875977e-01
5.200000000000000000e+01 -5.269629359245300293e-01
5.300000000000000000e+01 -5.254382491111755371e-01
5.400000000000000000e+01 -5.251370668411254883e-01
5.500000000000000000e+01 -5.216062068939208984e-01
5.600000000000000000e+01 -5.170276165008544922e-01
5.700000000000000000e+01 -5.139208436012268066e-01
5.800000000000000000e+01 -5.115250349044799805e-01
5.900000000000000000e+01 -5.077173113822937012e-01
6.000000000000000000e+01 -5.031779408454895020e-01
6.100000000000000000e+01 -5.024313330650329590e-01
6.200000000000000000e+01 -5.013678073883056641e-01
6.300000000000000000e+01 -4.991478323936462402e-01
6.400000000000000000e+01 -5.010807514190673828e-01
6.500000000000000000e+01 -5.006481409072875977e-01
6.600000000000000000e+01 -5.025312304496765137e-01
6.700000000000000000e+01 -5.018610358238220215e-01
6.800000000000000000e+01 -5.027481913566589355e-01
6.900000000000000000e+01 -5.039538741111755371e-01
7.000000000000000000e+01 -5.049915313720703125e-01
7.100000000000000000e+01 -5.071928501129150391e-01
7.200000000000000000e+01 -5.106528401374816895e-01
7.300000000000000000e+01 -5.127575397491455078e-01
7.400000000000000000e+01 -5.174193382263183594e-01
7.500000000000000000e+01 -5.214747190475463867e-01
7.600000000000000000e+01 -5.247492790222167969e-01
7.700000000000000000e+01 -5.261155366897583008e-01
7.800000000000000000e+01 -5.318247079849243164e-01
7.900000000000000000e+01 -5.326426625251770020e-01
8.000000000000000000e+01 -5.396419763565063477e-01
8.100000000000000000e+01 -5.397943258285522461e-01
8.200000000000000000e+01 -5.478202104568481445e-01
8.300000000000000000e+01 -5.539206266403198242e-01
8.400000000000000000e+01 -5.590306520462036133e-01
8.500000000000000000e+01 -5.636816024780273438e-01
8.600000000000000000e+01 -5.691725015640258789e-01
8.700000000000000000e+01 -5.741636753082275391e-01
8.800000000000000000e+01 -5.756596326828002930e-01
8.900000000000000000e+01 -5.829851627349853516e-01
9.000000000000000000e+01 -5.876559019088745117e-01
9.100000000000000000e+01 -5.927770137786865234e-01
9.200000000000000000e+01 -5.971623659133911133e-01
9.300000000000000000e+01 -6.019597053527832031e-01
9.400000000000000000e+01 -6.061183214187622070e-01
9.500000000000000000e+01 -6.100408434867858887e-01
9.600000000000000000e+01 -6.154872179031372070e-01
9.700000000000000000e+01 -6.178959608078002930e-01
9.800000000000000000e+01 -6.245173215866088867e-01
9.900000000000000000e+01 -6.300994157791137695e-01
1.000000000000000000e+02 -6.316334009170532227e-01
