1.137904436637961680e+01
1.664087044021748785e+00
-5.355938406715614164e+00
8.619622350514212883e+00
-3.230297224859554284e+00
1.212539199325777872e+01
9.313004253652872322e+00
1.245264588544762319e+01
5.366234513686813479e+00
1.778539028688700188e-02
-3.100927090640566153e+00
2.103104156451837348e+00
1.289958193898200989e+01
-3.933910028551457660e+00
-3.335852254245060600e+00
-1.263312996813973355e+00
-5.564927039157013589e+00
1.675767829924317098e+01
1.571273865181396268e+01
-4.318936044971223964e+00
-1.573158279061306075e+01
-1.550939351320266724e+01
-1.528713770210748635e+01
-1.506493473218546342e+01
-1.102101211515945067e+01
-1.642145915132902445e+01
-5.847761595912812638e+00
-1.427636761632220441e+01
-1.980116892508756621e+01
-1.134073625893698178e+01
2.689686914111236948e+00
-1.402285522884790225e+01
-4.382673837105452108e+00
-6.264105202553051477e+00
-5.692317375532634394e+00
-9.770097098088820431e+00
-9.560293854488387311e+00
-9.288521790582358051e+00
-7.086437741624918019e+00
-3.030322956212399443e+00
-5.405017273550090096e+00
-4.674085368907729077e+00
-8.054969741306305053e+00
-1.278282147314814665e+01
-1.256067668398202386e+01
-1.233847654528096882e+01
-1.768717559103643922e+01
-1.208116562830082330e+01
-1.486456486990718062e+01
-1.736491686577486604e+01
1.966338814587151651e+00
5.006068890676925731e-01
-1.164679037200073708e+01
-1.142467270294821446e+01
-1.709084131799919959e+01
-6.025923053942722873e+00
-6.267565665357390792e+00
-6.730448531551247449e+00
4.336715874957924655e+00
-8.869940372189478950e+00
-1.415127750042383070e+01
-5.490073383034549614e+00
-1.032467911640821967e+01
-1.381734468359192824e+01
-6.397942051114039685e+00
-9.906862444347666496e+00
-9.684945245584003715e+00
-4.252846750556035005e+00
-1.300850275726517680e+01
-8.892425514719322521e+00
-2.590322865380198891e+01
-1.566571190217434240e-01
-1.500000000000000000e+02
-1.579166962972129795e+01
-1.613433867899902907e+01
-1.160837726730080455e+01
-1.553311121132645667e+01
-6.240867204073969887e+00
-1.799830713168837448e+01
-1.168716017196045343e+01
-1.476855252352027037e+01
-9.311705431373837882e+00
-1.442570452060971320e+01
-1.420147986047800259e+01
-5.651989686221520870e+00
2.164484788814801663e-01
-1.396322376198230586e+01
-5.389100279713244790e-01
-1.310413546032378918e+01
-1.336328768067880901e+01
-9.443864801854646274e+00
-1.023277076940985530e+01
-5.299784980213825825e-02
-4.920829422226507432e+00
-1.210615084570562949e+01
-1.221925372050873193e+01
7.714968747863605536e+00
-6.824426476265274211e+00
-1.507731433751594530e+01
-1.199699898560834299e+01
-8.448578251562828711e+00
