0.000000000000000000e+00 -1.612081137899724581e+01
1.000000000000000000e+00 -6.796113333640457554e+00
2.000000000000000000e+00 -5.888295911465800891e+00
3.000000000000000000e+00 -1.635980003409906658e+01
4.000000000000000000e+00 -1.613500946925745438e+01
5.000000000000000000e+00 -4.107078995354175532e+00
6.000000000000000000e+00 2.217478844157816820e+00
7.000000000000000000e+00 -1.346098659456469449e+01
8.000000000000000000e+00 -1.589083539942896550e+01
9.000000000000000000e+00 -2.896529003965603866e-01
1.000000000000000000e+01 -1.545907528864000824e+01
1.100000000000000000e+01 -2.824165096441923595e+00
1.200000000000000000e+01 -1.089739918605333280e+01
1.300000000000000000e+01 -2.459022271165349327e+00
1.400000000000000000e+01 -1.766921413410652164e+01
1.500000000000000000e+01 -1.125014807996805466e+01
1.600000000000000000e+01 -1.477797330760101779e+01
1.700000000000000000e+01 6.116565262184571194e-01
1.800000000000000000e+01 -5.489387982871923866e-01
1.900000000000000000e+01 -2.141646637258472818e+00
2.000000000000000000e+01 1.315865818097755380e+00
2.100000000000000000e+01 -1.339858616391813939e+01
2.200000000000000000e+01 2.219683731529435100e+00
2.300000000000000000e+01 -1.455706546024583048e+01
2.400000000000000000e+01 -1.382994618514438123e+01
2.500000000000000000e+01 -1.230503024326429795e+01
2.600000000000000000e+01 -5.907531349594037806e+00
2.700000000000000000e+01 -2.890668452525775756e+00
2.800000000000000000e+01 -1.194003331888882258e+01
2.900000000000000000e+01 -3.270303163939395574e+00
3.000000000000000000e+01 -5.841054806663271037e+00
3.100000000000000000e+01 -1.451748784764087397e+01
3.200000000000000000e+01 -1.611914810637595119e+00
3.300000000000000000e+01 -1.424810372116876067e+01
3.400000000000000000e+01 -1.278802695373713050e+01
3.500000000000000000e+01 -3.671562649040549964e+00
3.600000000000000000e+01 7.290349032904356319e-01
3.700000000000000000e+01 2.084644955619213924e+00
3.800000000000000000e+01 -1.232661326726281459e+01
3.900000000000000000e+01 6.333603731632232448e-01
4.000000000000000000e+01 -1.071571187775711564e+01
4.100000000000000000e+01 -4.722798058022456225e+00
4.200000000000000000e+01 7.707537455896890322e+00
4.300000000000000000e+01 1.310332371575022492e+01
4.400000000000000000e+01 -1.164523333311069564e+01
4.500000000000000000e+01 7.072367205895267794e+00
4.600000000000000000e+01 -1.131433778338953289e+01
4.700000000000000000e+01 -1.340287876850560878e+01
4.800000000000000000e+01 -7.846819611610811762e+00
4.900000000000000000e+01 -1.096422231859628482e+01
5.000000000000000000e+01 2.158220500644051754e+01
5.100000000000000000e+01 -1.500000000000000000e+02
5.200000000000000000e+01 1.205654672553970386e+01
5.300000000000000000e+01 4.402206226168413394e+00
5.400000000000000000e+01 1.254719250525033658e+01
5.500000000000000000e+01 1.663934420681110637e+01
5.600000000000000000e+01 -9.807868356968997503e+00
5.700000000000000000e+01 1.666059197825831006e+01
5.800000000000000000e+01 4.467124395502433121e-01
5.900000000000000000e+01 -1.857900515926325768e+00
6.000000000000000000e+01 1.326371493438870175e+01
6.100000000000000000e+01 1.176273972623880582e+01
6.200000000000000000e+01 -3.478308642501275916e+00
6.300000000000000000e+01 -4.664339926783262591e+00
6.400000000000000000e+01 -1.393996766239327023e+01
6.500000000000000000e+01 -4.716667148607553095e+00
6.600000000000000000e+01 -1.431607158003274805e+01
6.700000000000000000e+01 -5.434575366812307351e+00
6.800000000000000000e+01 -1.493270298103773364e+01
6.900000000000000000e+01 -1.020431276823079791e+01
7.000000000000000000e+01 -1.875280309037158588e+01
7.100000000000000000e+01 -1.106563016782655318e+01
7.200000000000000000e+01 -1.450369288523995692e+01
7.300000000000000000e+01 -1.745734773143601615e+01
7.400000000000000000e+01 -1.416616884370642993e+01
7.500000000000000000e+01 -1.394400588340226932e+01
7.600000000000000000e+01 -8.323911853933333660e+00
7.700000000000000000e+01 3.566298545545181220e-01
7.800000000000000000e+01 -1.740911680015885565e+01
7.900000000000000000e+01 -1.950022010668377348e+01
8.000000000000000000e+01 -8.264133376830343991e+00
8.100000000000000000e+01 -1.310099219282477634e+01
8.200000000000000000e+01 -1.287890742222464269e+01
8.300000000000000000e+01 -1.647428627134428325e+01
8.400000000000000000e+01 -7.416648269181920661e+00
8.500000000000000000e+01 -1.246553538574096365e+01
8.600000000000000000e+01 -3.054778869208179426e+00
8.700000000000000000e+01 5.408430235878588732e+00
8.800000000000000000e+01 -1.223473734325841633e+01
8.900000000000000000e+01 -7.585913946966569732e+00
9.000000000000000000e+01 3.847615312066633653e+00
9.100000000000000000e+01 -6.009895470809936135e+00
9.200000000000000000e+01 -5.529709046119860583e-01
9.300000000000000000e+01 -8.545377800688187975e+00
9.400000000000000000e+01 -9.037254520813700509e+00
9.500000000000000000e+01 -1.153576400544898206e+01
9.600000000000000000e+01 -1.446493526636766980e+01
9.700000000000000000e+01 -9.315519646375342688e+00
9.800000000000000000e+01 -1.119414668944159530e+01
9.900000000000000000e+01 -1.523181521857794074e+01
1.000000000000000000e+02 -7.138200303681615289e+00
